1
0
1
1
0
0 0 0 0 0 
11
4
0 0 0
4 0 5 0 3 2 
1 1 1
3 0 5 0 4 0 
2 0 0
3 3 5 0 0 0 
3 1 0
1 0 3 0 0 0 
3
10 1 0
5 0 0 0 5 0 
11 2 0
1 0 2 0 2 2 
12 3 0
5 0 4 0 3 0 
3
20 1 0
0 0 1 0 4 0 
21 2 0
4 3 2 0 1 0 
22 3 0
5 0 4 0 5 0 
3
30 1 0
1 0 4 0 3 0 
31 2 0
0 0 4 0 5 0 
32 3 0
0 1 0 0 3 2 
3
40 1 0
0 0 4 0 4 0 
41 2 0
4 0 2 0 5 0 
42 3 0
4 3 5 0 0 0 
3
50 1 0
2 0 5 0 3 0 
51 2 0
2 0 5 0 2 0 
52 3 0
3 0 4 0 0 0 
3
60 1 0
0 0 4 0 2 2 
61 2 0
1 0 5 0 2 0 
62 3 0
5 0 5 0 5 0 
3
70 1 0
1 3 3 0 0 0 
71 2 0
2 0 3 0 5 0 
72 3 0
4 0 2 0 5 0 
3
80 1 0
3 0 0 0 2 0 
81 2 0
4 0 3 0 5 0 
82 3 0
2 3 4 0 1 1 
3
90 1 0
2 2 1 0 2 0 
91 2 0
0 0 4 0 3 0 
92 3 0
5 0 4 0 5 0 
3
100 1 0
5 0 5 0 5 0 
101 2 0
5 0 5 0 2 1 
102 3 0
2 0 0 0 5 0 
2
2 0 0
3 3 5 0 0 0 
3 1 0
1 0 3 0 0 0 
LEcaca
0
1
1 2 1 0 1 2
3 0 5 0 4 0 
0
Illustre Architecte
3
0
1
0 0 0
4 0 5 0 3 2 
